(970,1325 to 970,1330), (980,1300 to 980,1330), (1115,1100 to 1045,1170), (700,1160 to 735,1195), (1000,1070 to 1000,1130), (1090,1090 to 1030,1150), (1145,1135 to 1230,1220), (1145,1245 to 1145,1270), (1145,1360 to 1110,1395),
(1235,1145 to 1270,1180), (690,1130 to 690,1185), (1035,1070 to 980,1125), (1100,1045 to 1250,1195), (1120,1350 to 1120,1405), (1160,1190 to 1125,1225), (1170,1045 to 1285,1160), (735,1105 to 735,1190), (965,1025 to 935,1055), (970,1100
to 1000,1130), (1000,980 to 1000,1130), (1035,1105 to 1005,1135), (1070,1060 to 1230,1220), (1100,1025 to 1100,1210), (1150,1060 to 1040,1170), (1165,1235 to 1240,1310), (1165,1370 to 1165,1440), (1170,1020 to 1035,1155), (1190,1100
to 1270,1180), (1200,1015 to 1200,1455), (1270,1015 to 1075,1210), (940,995 to 1240,1295), (970,1080 to 970,1120), (1000,870 to 965,905), (1000,945 to 1250,1195), (1020,1000 to 1020,1140), (1045,1025 to 955,1115), (1120,1030 to
1270,1180), (1140,1400 to 1140,1425), (1220,1005 to 1045,1180), (1300,1090 to 1300,1095), (770,700 to 770,785), (780,605 to 755,630), (825,760 to 860,795), (920,720 to 920,815), (945,745 to 890,800), (960,1300 to 985,1325), (965,1060
to 965,1120), (970,940 to 970,945), (880,715 to 1045,880), (1000,905 to 1000,1130), (1020,900 to 960,960), (960,715 to 1070,825), (965,765 to 965,895), (1160,1325 to 1105,1380), (1165,1270 to 1230,1335), (815,790 to 815,795), (990,625
to 820,795), (710,1125 to 750,1165), (740,660 to 740,780), (755,1120 to 690,1185), (800,745 to 850,795), (880,525 to 880,800), (990,780 to 940,830), (1010,625 to 1155,770), (1125,680 to 1125,775), (1160,1300 to 1145,1315), (1275,1115
to 1295,1135), (770,670 to 770,785), (825,610 to 720,715), (825,715 to 925,815), (830,575 to 830,795), (850,580 to 720,710), (900,625 to 1085,810), (955,975 to 955,1110), (1040,900 to 935,1005), (1170,1350 to 1220,1400), (1270,1080 to
1270,1175), (1300,1070 to 1130,1240), (790,700 to 890,800), (800,595 to 800,785), (935,625 to 775,785), (945,560 to 1155,770), (955,530 to 955,865), (990,680 to 870,800), (995,655 to 1120,780), (1005,800 to 1005,1130), (1025,545 to
785,785), (1035,940 to 1035,945), (1060,1195 to 1060,1200), (1115,645 to 935,825), (1155,735 to 1195,775), (1220,1350 to 1220,1365), (700,1200 to 700,1205), (855,610 to 1070,825), (935,585 to 935,825), (1025,825 to 960,890), (1060,635
to 1200,775), (1225,715 to 1225,805), (1240,1080 to 1105,1215), (1220,1235 to 1220,1240), (1090,590 to 1090,805), (1125,625 to 930,820), (1265,1055 to 1305,1095), (1290,1030 to 1290,1145), (900,525 to 725,700), (900,560 to 1120,780),
(925,535 to 925,815), (990,545 to 750,785), (1035,525 to 1250,740), (1160,690 to 1160,770), (1180,625 to 950,855), (850,640 to 1055,845), (1000,525 to 1000,1030), (1025,580 to 810,795), (1070,525 to 1245,700), (1070,595 to 1070,825),
(1180,715 to 1120,775), (1145,550 to 1230,635), (1195,735 to 1195,775), (975,525 to 730,770), (1030,610 to 1195,775), (1045,580 to 1045,865), (1125,545 to 870,800), (1230,650 to 1230,655), (1070,505 to 1070,825), (1180,1320 to 1105,1395),
(980,1000 to 1225,1245), (1240,1010 to 1240,1200), (1215,1080 to 1270,1135), (1145,1125 to 1145,1190), (1145,1080 to 1095,1130), (1165,1135 to 1215,1185), (1225,1145 to 1225,1180), (825,615 to 770,670), (890,725 to 920,755), (1165,1190
to 1165,1200), (1190,1040 to 1100,1130), (1015,775 to 1035,795), (1090,680 to 1090,755), (1110,715 to 1050,775), (1180,625 to 1205,650), (1200,1100 to 1200,1190), (835,640 to 760,715), (1000,625 to 1120,745), (1125,1140 to 1125,1170),
(1210,1040 to 1105,1145), (1230,1045 to 1270,1085), (860,625 to 860,765), (890,680 to 810,760), (1125,645 to 1200,720), (790,745 to 790,750), (845,600 to 765,680), (960,715 to 970,725), (1000,680 to 1000,735), (835,690 to 780,745),
(865,600 to 990,725), (915,715 to 915,755), (1025,700 to 995,730), (1035,745 to 1060,770), (1100,625 to 1100,745), (1185,670 to 1110,745), (1245,1145 to 1255,1155), (1015,750 to 1015,805), (1040,720 to 1005,755), (1090,585 to 1210,705),
(1135,575 to 1135,735), (1165,1170 to 1145,1190), (1175,1110 to 1235,1170), (1220,1120 to 1220,1180), (925,695 to 855,765), (935,725 to 950,740), (960,660 to 960,730), (1000,660 to 905,755), (1105,1080 to 1210,1185), (1170,725 to
1170,730), (1180,600 to 1005,775), (765,730 to 765,735), (880,660 to 880,760), (840,670 to 770,740), (1020,595 to 1160,735), (1205,665 to 1205,705), (1020,680 to 975,725), (1155,575 to 1190,610), (1270,1100 to 1270,1110), (945,635 to
820,760), (1070,600 to 1195,725), (1125,1055 to 1125,1170), (920,620 to 790,750), (1115,575 to 1210,670), (1145,1050 to 1145,1190)