(775,1180 to 810,1215), (1170,1145 to 1170,1160), (1060,750 to 1035,775), (790,670 to 800,680), (1145,670 to 1145,710), (845,1215 to 845,1220), (835,1190 to 855,1210), (1170,1125 to 1170,1160), (825,1215 to 825,1220), (775,615 to
845,685), (780,645 to 780,670), (815,625 to 775,665), (820,1200 to 840,1220), (1035,730 to 1035,775), (1090,725 to 1070,745), (1080,625 to 1160,705), (1080,700 to 1080,740), (1095,705 to 1025,775), (775,1155 to 840,1220), (845,1150
to 845,1220), (870,645 to 830,685), (1115,1135 to 1145,1165), (1135,620 to 1135,715), (1115,690 to 1030,775), (815,1170 to 855,1210), (780,1120 to 780,1205), (1080,650 to 1035,695), (1090,670 to 1135,715), (1170,1090 to 1170,1160),
(845,615 to 785,675), (1160,680 to 1160,685), (790,1105 to 790,1210), (805,1115 to 775,1145), (1105,1075 to 1175,1145), (815,1145 to 815,1215), (1100,1125 to 1090,1135), (1155,1160 to 1155,1165), (885,635 to 885,655), (1050,725 to
1010,765), (1095,1090 to 1170,1165), (860,580 to 860,680), (1145,1070 to 1090,1125), (785,600 to 865,680), (810,675 to 810,680), (815,1130 to 770,1175), (830,1135 to 860,1165), (830,1160 to 830,1220), (845,600 to 775,670), (1170,1145
to 1170,1150), (1135,680 to 1135,715), (850,1215 to 850,1220), (1035,770 to 1035,775), (800,1200 to 800,1215), (1135,620 to 1035,720), (790,670 to 800,680), (1170,1125 to 1170,1160), (1060,745 to 1030,775), (1150,690 to 1160,700),
(1170,1090 to 1170,1160), (775,1190 to 775,1195), (1150,670 to 1165,685), (825,1200 to 825,1220), (840,1190 to 815,1215), (1080,735 to 1080,740), (780,645 to 780,670), (1095,1125 to 1095,1130), (845,1150 to 860,1165), (1100,1140 to
1100,1145), (855,1190 to 825,1220), (870,635 to 890,655), (1060,725 to 1060,755), (1080,700 to 1015,765), (845,680 to 845,685), (815,625 to 815,680), (825,1180 to 795,1210), (1080,645 to 1145,710), (1095,700 to 1095,735), (830,680 to
830,685), (835,1165 to 860,1190), (1115,1125 to 1115,1155), (1145,1160 to 1145,1165), (780,1170 to 830,1220), (785,1205 to 785,1210), (835,645 to 800,680), (1135,1115 to 1175,1155), (860,570 to 860,680), (890,600 to 810,680), (1070,660
to 1125,715), (1100,1100 to 1100,1145), (1135,1145 to 1120,1160), (775,625 to 835,685), (1020,635 to 1020,650), (1030,670 to 1030,675), (1095,635 to 1160,700), (775,1155 to 775,1195), (790,1105 to 780,1115), (1170,1145 to 1170,1150),
(1170,1155 to 1170,1160), (1060,745 to 1030,775), (845,1215 to 845,1220), (1170,1135 to 1170,1160), (1135,620 to 1035,720), (790,670 to 800,680), (790,1200 to 790,1210), (775,1190 to 775,1195), (1145,670 to 1165,690), (1170,1125 to
1170,1160), (1170,1090 to 1105,1155), (825,1200 to 845,1220), (825,1215 to 825,1220), (780,660 to 780,665), (1145,690 to 1160,705), (780,645 to 780,670), (815,1200 to 800,1215), (1145,705 to 1145,710), (870,635 to 870,675), (780,1200
to 780,1205), (790,660 to 810,680), (770,635 to 770,645), (845,1180 to 810,1215), (855,1180 to 855,1185), (815,660 to 815,680), (825,680 to 825,685), (840,1200 to 855,1215), (1060,735 to 1060,755), (1135,680 to 1070,745), (845,680 to
845,685), (845,1150 to 845,1220), (1125,610 to 1040,695), (1135,700 to 1145,710), (1170,1105 to 1170,1160), (855,1190 to 825,1220), (880,635 to 890,645), (1090,700 to 1090,735), (1180,1115 to 1135,1160), (835,680 to 835,685), (1045,745
to 1045,770), (1170,1080 to 1100,1150), (775,1170 to 820,1215), (780,1145 to 780,1205), (800,1115 to 775,1140), (810,1120 to 860,1170), (1090,680 to 1090,735), (790,1105 to 780,1115), (1150,1160 to 1150,1165), (1045,735 to 1045,770),
(1180,1105 to 1125,1160), (890,600 to 900,610), (805,660 to 805,680), (780,1120 to 780,1125), (800,645 to 840,685), (835,645 to 835,685), (1070,725 to 1020,775), (1080,715 to 1100,735), (1160,1160 to 1160,1165), (845,660 to 820,685),
(855,660 to 870,675), (1100,690 to 1100,730), (1110,690 to 1025,775), (1115,715 to 1115,720), (860,645 to 860,680), (880,650 to 845,685), (1035,635 to 1120,720), (1015,755 to 1015,765), (1030,610 to 1030,615), (1115,670 to 1155,710),
(790,645 to 790,675), (860,635 to 815,680), (880,625 to 895,640), (1035,735 to 1035,775), (1105,1075 to 1090,1090), (1125,705 to 1135,715), (790,635 to 790,675), (790,1145 to 770,1165), (795,1155 to 855,1215), (800,1130 to 800,1215),
(810,1135 to 770,1175), (810,1185 to 845,1220), (815,645 to 815,680), (880,575 to 780,675), (1020,645 to 1105,730), (1025,620 to 1025,665), (1125,1070 to 1090,1105), (780,635 to 830,685), (810,1150 to 810,1215), (825,645 to 790,680),
(860,615 to 890,645), (875,615 to 875,670), (885,585 to 790,680), (895,625 to 895,630), (1030,670 to 1030,675), (1035,620 to 1015,640), (1045,725 to 1070,750), (1100,1125 to 1100,1145), (1110,1125 to 1095,1140), (825,1150 to 860,1185),
(1060,715 to 1060,755), (1115,1065 to 1090,1090), (890,615 to 900,625), (1040,605 to 1040,695), (1055,595 to 1020,630), (1095,1115 to 1145,1165), (1110,1115 to 1110,1155), (800,635 to 775,660), (810,575 to 890,655), (825,1165 to
825,1220), (1080,625 to 1030,675), (1100,615 to 1165,680), (1100,680 to 1100,730), (1110,680 to 1020,770), (1125,1085 to 1180,1140), (1135,1070 to 1135,1160), (800,580 to 780,600), (815,625 to 870,680), (1050,635 to 1050,765), (1055,610
to 1015,650), (1065,595 to 1165,695), (1090,600 to 1090,735), (1105,1105 to 1090,1120), (1115,1095 to 1175,1155), (1120,1115 to 1120,1160), (1145,635 to 1015,765), (1145,1080 to 1185,1120), (775,615 to 775,660), (780,605 to 780,610),
(785,615 to 855,685), (790,605 to 790,675), (790,1170 to 770,1190), (800,595 to 875,670), (800,610 to 800,680), (810,590 to 770,630), (820,570 to 895,645), (820,600 to 820,685), (830,610 to 775,665), (835,570 to 895,630), (835,1175 to
835,1220), (870,570 to 775,665), (1025,740 to 1050,765), (1055,625 to 1055,760), (1065,610 to 1020,655), (1170,1145 to 1170,1150), (1170,1155 to 1170,1160), (1170,1135 to 1140,1165), (1170,1125 to 1180,1135), (815,1200 to 815,1215),
(845,1215 to 845,1220), (835,1200 to 855,1220), (790,1200 to 790,1210), (825,1215 to 825,1220), (845,1180 to 860,1195), (775,1190 to 775,1195), (825,1200 to 810,1215), (835,1215 to 835,1220), (1180,1105 to 1180,1125), (780,1200 to
780,1205), (845,1195 to 855,1205), (845,1160 to 845,1220), (855,1160 to 800,1215), (775,1170 to 820,1215), (1160,1160 to 1160,1165), (1170,1115 to 1125,1160), (855,1175 to 855,1180), (1170,1080 to 1170,1160), (845,1150 to 785,1210),
(1135,1065 to 1185,1115), (775,1160 to 775,1195), (800,1110 to 775,1135), (800,1170 to 850,1220), (825,1145 to 825,1220), (1125,1125 to 1100,1150), (1135,1115 to 1175,1155), (1135,1130 to 1135,1160), (790,1135 to 775,1150), (815,1125
to 860,1170), (1125,1065 to 1125,1160), (1155,1070 to 1090,1135), (785,1155 to 850,1220), (790,1105 to 790,1210), (800,1125 to 775,1150), (800,1140 to 855,1195), (800,1155 to 800,1215)