(1070,1015 to 1230,1175), (910,1000 to 910,1275), (945,1100 to 945,1105), (960,1100 to 1050,1190), (980,900 to 980,1210), (1000,1115 to 830,1285), (1015,1115 to 1095,1195), (860,1025 to 860,1275), (875,1030 to 730,1175), (895,1100 to
920,1125), (945,905 to 945,1105), (990,860 to 920,930), (1000,890 to 1020,910), (1005,855 to 1005,1190), (1080,1100 to 905,1275), (1100,1100 to 1210,1210), (1115,1090 to 1115,1210), (1135,1000 to 860,1275), (875,1070 to 920,1115),
(925,1135 to 925,1275), (980,830 to 920,890), (1080,1125 to 1195,1240), (890,1145 to 890,1275), (895,1060 to 735,1220), (1065,1140 to 1175,1250), (1100,1005 to 1100,1200), (990,800 to 915,875), (835,1170 to 935,1270), (890,1045 to
890,1275), (945,740 to 880,805), (1015,735 to 1095,815), (1035,725 to 1035,865), (850,710 to 775,785), (880,725 to 1030,875), (980,735 to 980,1210), (1070,725 to 915,880), (1170,1000 to 1250,1080), (1190,760 to 1190,800), (1195,1000 to
1005,1190), (1205,770 to 1235,800), (1225,990 to 1225,1175), (1240,985 to 1035,1190), (760,1000 to 975,1215), (905,725 to 905,810), (925,735 to 855,805), (935,700 to 1070,835), (1100,725 to 1100,805), (1115,700 to 920,895), (700,1035
to 935,1270), (920,970 to 920,1105), (1135,705 to 925,915), (855,730 to 1020,895), (725,760 to 725,805), (980,620 to 810,790), (1160,700 to 1245,785), (1215,725 to 1215,805), (1245,1025 to 1075,1195), (890,595 to 1100,805), (960,590 to
960,1095), (980,600 to 800,780), (1025,600 to 1225,800), (1100,590 to 1100,805), (1125,615 to 915,825), (1170,780 to 1190,800), (760,770 to 760,800), (835,700 to 725,810), (845,570 to 1090,815), (845,595 to 845,805), (870,560 to 705,725),
(890,560 to 1120,790), (925,570 to 925,905), (940,570 to 720,790), (955,570 to 1180,795), (970,545 to 970,1050), (985,535 to 720,800), (985,560 to 1225,800), (1000,545 to 1000,1050), (1025,535 to 775,785), (1035,550 to 1245,760), (1070,560
to 1070,835), (1125,570 to 890,805), (880,545 to 1120,785), (1085,555 to 1085,820), (1135,985 to 840,1280), (1140,570 to 1200,630), (880,580 to 880,805), (1020,570 to 805,785), (915,525 to 1190,800), (1050,600 to 1050,855), (1100,560 to
855,805), (1120,600 to 1235,715), (1040,535 to 1040,860), (910,550 to 710,750), (1070,995 to 1230,1155), (825,1185 to 825,1295), (1055,545 to 810,790), (1245,1005 to 1260,1020), (745,1000 to 745,1285), (805,1020 to 710,1115), (1140,780
to 1140,785), (725,1005 to 725,1155), (1115,555 to 865,805), (925,945 to 1200,1220), (945,1145 to 945,1265), (845,1145 to 725,1265), (900,535 to 1150,785), (1070,545 to 1070,835), (740,745 to 715,770), (825,560 to 1085,820), (945,525
to 945,1030), (845,545 to 710,680), (1145,600 to 1225,680), (1045,1025 to 1045,1190), (1240,1100 to 1120,1220), (760,1025 to 965,1230), (700,1060 to 700,1105), (1085,535 to 825,795), (1140,690 to 1240,790), (970,525 to 970,1030),
(1060,1035 to 965,1130), (860,545 to 1110,795), (1120,670 to 1120,785), (1255,1040 to 1095,1200), (780,705 to 880,805), (860,625 to 860,805), (1070,525 to 810,785), (1100,545 to 1210,655), (790,570 to 790,780), (875,495 to 875,500),
(1045,975 to 1230,1160), (1060,510 to 1060,845), (1150,1000 to 875,1275), (760,725 to 830,795), (810,675 to 810,785), (825,660 to 715,770), (875,1165 to 955,1245), (1150,980 to 1150,1245), (870,510 to 710,670), (1045,510 to 1230,695),
(885,480 to 885,805), (900,470 to 870,500), (900,495 to 1210,805), (1015,520 to 1015,1025), (1225,975 to 1010,1190), (1000,525 to 1245,770), (735,615 to 735,810), (800,540 to 725,615), (935,475 to 955,495), (1195,1170 to 1195,1230),
(900,520 to 705,715), (945,505 to 1235,795), (720,630 to 720,790), (915,480 to 710,685), (925,495 to 1230,800), (960,1335 to 960,1390), (1030,515 to 735,810), (1030,990 to 1225,1185), (700,1020 to 700,1105), (770,1080 to 715,1135),
(880,1470 to 880,1475), (975,1370 to 975,1400), (995,1415 to 995,1420), (1000,1370 to 1090,1460), (1025,1335 to 1025,1485), (1045,1480 to 1045,1485), (1070,1415 to 1105,1450), (1165,980 to 1165,1250), (1180,980 to 885,1275), (1195,970
to 1260,1035), (790,1225 to 790,1310), (805,1225 to 745,1285), (805,1250 to 840,1285), (805,1275 to 805,1310), (815,1115 to 735,1195), (835,1435 to 875,1475), (840,1215 to 840,1280), (860,1415 to 830,1445), (865,1435 to 895,1465),
(875,1055 to 875,1275), (890,1400 to 835,1455), (895,1420 to 910,1435), (990,1335 to 990,1410), (1005,1345 to 960,1390), (1025,1310 to 1050,1335), (1030,960 to 1030,1190), (1040,1345 to 980,1405), (765,1290 to 765,1295), (830,1400
to 830,1435), (840,1385 to 830,1395), (845,1025 to 925,1105), (845,1405 to 845,1460), (855,1385 to 825,1415), (840,1200 to 915,1275), (1010,1415 to 1010,1465), (815,535 to 715,635), (785,1090 to 950,1255), (890,1030 to 890,1275),
(1090,1380 to 1005,1465), (1105,1425 to 1115,1435), (805,1210 to 805,1310), (900,1445 to 870,1475), (975,1325 to 1100,1450), (990,1295 to 990,1410), (1005,1325 to 950,1380), (1040,1455 to 1060,1475), (1045,1365 to 1045,1485), (785,1075
to 715,1145), (825,1035 to 990,1200), (945,1315 to 945,1360), (1005,1300 to 945,1360), (1060,1365 to 1115,1420), (865,1400 to 865,1470), (870,1385 to 825,1430), (960,1315 to 1100,1455), (970,1300 to 970,1395), (945,1300 to 935,1310)