(1280,1025 to 1280,1085), (1165,1130 to 1165,1135), (1160,1150 to 1220,1210), (1270,980 to 1270,1000), (1285,990 to 1265,1010), (1260,1050 to 1285,1075), (1270,960 to 1270,1000), (1235,1090 to 1175,1150), (1150,1165 to 1220,1235),
(930,1215 to 930,1220), (1290,970 to 1265,995), (1125,1325 to 1140,1340), (1125,1305 to 1125,1435), (1005,1325 to 1005,1330), (1295,1025 to 1295,1030), (1035,1315 to 1035,1325), (1070,770 to 1060,780), (1135,1235 to 1200,1300), (1200,1150
to 1200,1255), (1235,1075 to 1235,1080), (1020,1315 to 1030,1325), (950,1325 to 950,1330), (1140,1310 to 1110,1340), (1145,1215 to 1205,1275), (1235,1145 to 1235,1170), (980,1460 to 965,1475), (1160,960 to 1160,965), (1295,1040 to
1295,1045), (1050,1305 to 1030,1325), (875,1425 to 905,1455), (1005,1305 to 1005,1310), (1065,1440 to 1030,1475), (1145,945 to 1145,950), (1215,1170 to 1215,1210), (920,1310 to 920,1315), (1000,1450 to 1025,1475), (1070,1315 to
1070,1320), (1100,1415 to 1040,1475), (1130,1210 to 1205,1285), (1160,1285 to 1160,1325), (1175,960 to 1175,965), (895,1305 to 895,1310), (915,1445 to 915,1465), (925,1385 to 875,1435), (930,1460 to 940,1470), (940,1385 to 940,1390),
(945,1450 to 930,1465), (955,1465 to 965,1475), (990,1385 to 990,1390), (1005,1380 to 1005,1385), (1035,1380 to 1035,1385), (1065,1235 to 1065,1245), (1080,1370 to 1060,1390), (1145,1390 to 1155,1400), (1145,1415 to 1145,1420), (1220,1130
to 1095,1255), (1270,1095 to 1270,1100), (1180,1115 to 1180,1120), (1025,1450 to 1000,1475), (1080,1235 to 1100,1255), (1085,1455 to 1085,1460), (1090,1400 to 1090,1405), (1170,1215 to 1205,1250), (1215,970 to 1215,975), (1230,965
to 1220,975), (1020,1300 to 1020,1305), (1105,1315 to 1105,1335), (1235,1115 to 1095,1255), (870,1400 to 940,1470), (1095,1370 to 1095,1455), (1290,1010 to 1265,1035), (885,1390 to 915,1420), (955,1305 to 955,1310), (1260,1075 to
1155,1180), (955,1385 to 955,1390), (965,1320 to 965,1335), (970,1385 to 970,1390), (1090,930 to 1105,945), (1200,970 to 1200,975), (1095,1225 to 1070,1250), (1110,1360 to 1155,1405), (1175,1300 to 1175,1315), (1110,1400 to 1035,1475),
(1110,1435 to 1120,1445), (1260,1110 to 1260,1115), (980,1305 to 980,1310), (1245,960 to 1305,1020), (900,770 to 900,780), (1050,1375 to 1040,1385), (960,1450 to 985,1475), (1020,1380 to 1020,1385), (1110,1385 to 1090,1405), (1220,1155
to 1235,1170), (1245,985 to 1245,990), (1245,1130 to 1115,1260)