(1060,480 to 1265,685), (1100,490 to 1100,835), (1160,530 to 850,840), (1115,510 to 1255,650), (1160,700 to 1160,820), (1175,700 to 940,935), (1190,705 to 1260,775), (1200,555 to 1200,810), (1215,570 to 925,860), (1220,590 to 1240,610),
(1235,715 to 1235,805), (1035,495 to 715,815), (1035,590 to 1245,800), (1045,510 to 1045,1015), (1050,495 to 725,820), (1060,510 to 1270,720), (1060,545 to 1060,1050), (1075,560 to 790,845), (1085,480 to 1255,650), (1085,575 to 1085,845),
(1115,600 to 880,835), (1115,625 to 1265,775), (1130,605 to 1130,830), (1145,760 to 785,1120), (1175,535 to 1235,595), (1180,790 to 1180,815), (1215,690 to 855,1050), (1250,725 to 1270,745), (1290,1000 to 1290,1185), (1305,1015 to
945,1375), (940,510 to 1235,805), (960,505 to 960,1010), (975,500 to 690,785), (980,525 to 1250,795), (980,615 to 980,1120), (990,510 to 700,800), (995,615 to 1190,810), (1005,500 to 1005,1005), (1025,545 to 740,830), (1115,710 to
1220,815), (1145,790 to 1145,825), (1180,660 to 935,905), (1270,985 to 1315,1030), (1270,1010 to 1270,1205), (1305,1040 to 945,1400), (870,525 to 1165,820), (890,490 to 890,835), (905,495 to 685,715), (1020,735 to 1115,830), (1025,715
to 1025,1220), (1170,645 to 935,880), (1235,1215 to 1250,1230), (1235,1240 to 1235,1420), (1315,1060 to 955,1420), (810,785 to 860,835), (855,740 to 855,840), (860,565 to 685,740), (870,725 to 1065,920), (875,785 to 875,835), (905,690
to 755,840), (915,535 to 1190,810), (920,675 to 920,845), (935,660 to 755,840), (955,1025 to 1260,1330), (995,1015 to 995,1175), (1010,1015 to 820,1205), (1010,1040 to 1265,1295), (1040,1025 to 1040,1375), (1145,1000 to 975,1170),
(1145,1025 to 1300,1180), (1160,995 to 1160,1465), (1225,1200 to 1060,1365), (1235,985 to 1325,1075), (1235,1010 to 1235,1420), (1250,1190 to 1070,1370), (1255,1210 to 1255,1215), (1305,1095 to 1305,1165), (1320,1045 to 960,1405),
(1320,1085 to 1320,1090), (690,760 to 690,765), (700,670 to 700,675), (715,650 to 900,835), (715,735 to 715,810), (730,635 to 705,660), (740,620 to 1070,950), (760,615 to 760,840), (760,1040 to 630,1170), (760,1065 to 880,1185), (775,1035
to 775,1265), (780,595 to 695,680), (790,580 to 1075,865), (800,650 to 800,845), (810,565 to 695,680), (815,635 to 1065,885), (830,830 to 830,845), (845,605 to 685,765), (1075,970 to 1290,1185), (1075,995 to 1075,1385), (1115,1070 to
1000,1185), (1125,1045 to 1280,1200), (1175,1000 to 1175,1465), (1190,985 to 995,1180), (1190,1010 to 1320,1140), (1250,1035 to 1250,1230), (1250,1245 to 1085,1410), (1260,1305 to 1260,1310), (1320,1100 to 1320,1135), (670,1260 to
655,1275), (715,1060 to 850,1195), (790,1035 to 790,1255), (805,1035 to 635,1205), (805,1060 to 905,1160), (820,1035 to 820,1205), (835,975 to 825,985), (835,1035 to 965,1165), (845,1125 to 845,1200), (850,965 to 810,1005), (860,590
to 1105,835), (860,1085 to 860,1195), (865,960 to 635,1190), (875,555 to 1145,825), (875,975 to 875,1185), (880,955 to 635,1200), (890,1040 to 1245,1395), (905,520 to 905,835), (905,1025 to 655,1275), (910,1270 to 1030,1390), (915,1040
to 915,1155), (920,510 to 685,745), (920,1015 to 1255,1350), (925,1255 to 925,1405), (930,1000 to 655,1275), (930,1050 to 1250,1370), (940,1245 to 940,1410), (945,985 to 655,1275), (1015,1245 to 1220,1450), (1055,1060 to 1055,1370),
(1090,1010 to 940,1160), (1110,1115 to 1260,1265), (1125,1085 to 1125,1445), (1140,1085 to 1010,1215), (1140,1110 to 1255,1225), (1190,1035 to 1190,1475), (1205,980 to 1000,1185), (1180,570 to 1255,645), (1080,560 to 1080,845), (1090,485
to 745,830), (1115,510 to 1255,650), (1160,530 to 1160,820), (1180,545 to 890,835), (1190,630 to 1270,710), (1190,700 to 1190,810), (1195,550 to 910,835), (1205,565 to 1235,595), (1205,700 to 1205,810), (1255,670 to 1080,845), (1035,510
to 1270,745), (1035,580 to 1035,1085), (1050,780 to 935,895), (1060,480 to 1265,685), (1075,525 to 1075,855), (1090,535 to 775,850), (1100,550 to 1270,720), (1105,495 to 1105,830), (1220,735 to 1125,830), (1225,755 to 1255,785), (1235,740
to 1235,805), (1250,755 to 1195,810), (1270,1200 to 1270,1205), (1035,495 to 1035,1000), (1050,495 to 725,820), (1050,550 to 1265,765), (1050,600 to 1050,1105), (1120,745 to 945,920), (1135,760 to 1190,815), (1175,715 to 1175,820),
(1220,810 to 1220,815), (1245,1190 to 1265,1210), (960,535 to 960,1040), (975,535 to 705,805), (990,500 to 1265,775), (990,525 to 990,1030), (1015,500 to 710,805), (1015,650 to 1180,815), (1120,690 to 1120,830), (1135,680 to 935,880),
(1135,745 to 1200,810), (1245,1160 to 1245,1370), (1260,1160 to 1050,1370), (1270,1180 to 1285,1195), (1275,1160 to 1275,1200), (1280,1145 to 1060,1365), (855,795 to 895,835), (1005,595 to 1005,1100), (1190,985 to 995,1180), (1290,1015
to 1325,1050), (1290,1170 to 1290,1185), (1300,1145 to 1070,1375), (860,615 to 1090,845), (885,765 to 885,835), (900,570 to 690,780), (925,725 to 1070,870), (925,750 to 925,855), (1020,580 to 760,840), (1020,900 to 1070,950), (1020,1000
to 1020,1400), (1070,1035 to 945,1160), (1135,705 to 1235,805), (1200,1060 to 1200,1475), (1225,1080 to 910,1395), (1235,985 to 1325,1075), (1235,1025 to 1235,1420), (1250,1060 to 915,1395), (1260,985 to 1325,1050), (1260,1270 to
1260,1330), (1300,1090 to 965,1425), (1315,1085 to 1325,1095), (1315,1105 to 1315,1145), (825,825 to 805,845), (840,810 to 865,835), (840,835 to 840,840), (860,535 to 685,710), (870,495 to 1190,815), (875,535 to 875,835), (880,1060 to
660,1280), (890,490 to 1215,815), (900,760 to 900,835), (935,980 to 650,1265), (940,830 to 1095,985), (945,945 to 945,1160), (975,675 to 805,845), (975,915 to 1270,1210), (975,940 to 975,1170), (990,1040 to 830,1200), (1020,880 to
1065,925), (1020,935 to 1020,1400), (1065,980 to 850,1195), (1075,1055 to 1250,1230), (1100,995 to 1100,1420), (1115,1000 to 950,1165), (1285,1130 to 1315,1160), (835,1000 to 835,1200), (895,1060 to 665,1290), (925,1255 to 1045,1375),
(1020,680 to 1020,1185), (1160,1070 to 1010,1220), (1190,1010 to 1320,1140), (1250,1115 to 1250,1230), (1265,1060 to 920,1405), (690,745 to 790,845), (695,790 to 695,795), (700,670 to 700,675), (710,655 to 890,835), (715,705 to 715,810),
(725,640 to 705,660), (730,700 to 865,835), (735,625 to 735,825), (735,1115 to 635,1215), (770,1060 to 885,1175), (780,580 to 780,850), (795,635 to 685,745), (870,520 to 1170,820), (880,955 to 880,1180), (940,1245 to 905,1280), (970,505
to 1255,790), (1130,1340 to 1130,1445), (1145,1055 to 1010,1190), (1145,1325 to 1240,1420), (1190,1035 to 1190,1475), (1205,980 to 1000,1185), (1210,1000 to 1325,1115), (660,1080 to 660,1280), (675,1065 to 645,1095), (680,1135 to
795,1250), (690,1290 to 690,1295), (695,1125 to 635,1185), (705,1275 to 725,1295), (710,1115 to 710,1295), (725,1100 to 635,1190), (740,1100 to 840,1200), (750,1230 to 750,1280), (770,1035 to 630,1175), (775,1205 to 800,1230), (790,1190
to 790,1255), (795,570 to 705,660), (800,1035 to 920,1155), (805,1200 to 805,1220), (810,635 to 685,760), (845,970 to 1205,1330), (1250,1100 to 1250,1230), (825,600 to 685,740), (835,985 to 1195,1345), (840,600 to 840,840), (895,960
to 635,1220), (910,965 to 1265,1320), (955,1240 to 955,1425), (970,1380 to 940,1410), (1005,1410 to 1005,1415), (1035,1220 to 1035,1380), (1060,1290 to 940,1410), (1115,1360 to 1215,1460), (1120,1020 to 1120,1440), (1145,1415 to
1120,1440), (1150,1435 to 1180,1465), (725,1255 to 725,1295), (770,1250 to 735,1285), (865,960 to 1225,1320), (895,1085 to 895,1160), (895,1315 to 895,1320), (895,1330 to 990,1425), (900,1290 to 900,1380), (915,1290 to 895,1310),
(915,1315 to 1010,1410), (930,1290 to 930,1405), (935,510 to 685,760), (945,930 to 1250,1235), (950,510 to 950,1015), (970,1270 to 890,1350), (975,800 to 1065,890), (985,1260 to 985,1425), (1065,1075 to 970,1170), (1075,1275 to
1235,1435), (1130,1005 to 1130,1445), (1160,1050 to 1010,1200), (1220,1130 to 1285,1195), (1220,1250 to 1220,1445), (785,1035 to 635,1185), (800,1020 to 935,1155), (835,585 to 835,840), (850,1030 to 645,1235), (855,515 to 1160,820),
(860,560 to 860,835), (860,1120 to 685,1295), (910,1085 to 1240,1415), (970,1245 to 970,1425), (975,700 to 835,840), (1080,1385 to 1155,1460), (985,1235 to 985,1425), (1150,995 to 975,1170), (1170,1085 to 1280,1195), (1175,1070 to
1175,1465), (645,1135 to 630,1150), (695,1055 to 840,1200), (1000,1280 to 1000,1420), (1080,995 to 920,1155), (1215,1060 to 1315,1160), (640,1110 to 640,1220), (735,1045 to 630,1150), (1175,1035 to 1305,1165), (1220,980 to 1220,1445),
(815,1000 to 815,1005), (1000,1230 to 1220,1450), (1000,1260 to 1000,1420), (1160,1190 to 940,1410)