(1180,665 to 1180,670), (1200,1145 to 1200,1150), (1115,1090 to 1065,1140), (825,1090 to 890,1155), (990,970 to 990,1050), (835,1070 to 750,1155), (1120,1110 to 1190,1180), (760,1100 to 760,1215), (775,1100 to 750,1125), (915,1210 to
915,1215), (1035,1045 to 1035,1055), (735,1090 to 735,1095), (775,1155 to 875,1255), (780,1060 to 780,1240), (800,1080 to 750,1130), (815,1235 to 825,1245), (900,1235 to 900,1250), (1005,980 to 955,1030), (1015,1025 to 1045,1055),
(1070,1405 to 1070,1430), (1080,1070 to 1060,1090), (1160,1125 to 1200,1165), (1200,1090 to 1200,1150), (925,735 to 890,770), (795,1135 to 905,1245), (810,1120 to 810,1240), (900,1195 to 845,1250), (925,600 to 940,615), (1105,1170 to
1105,1175), (1125,735 to 1105,755), (1170,1045 to 1205,1080), (1170,1090 to 1170,1200), (980,845 to 945,880), (725,1055 to 915,1245), (745,1105 to 745,1110), (750,1055 to 725,1080), (795,1060 to 890,1155), (845,760 to 845,765), (845,1135
to 760,1220), (960,960 to 1050,1050), (1005,1040 to 1005,1050), (1045,790 to 945,890), (1090,1145 to 1130,1185), (1135,1060 to 1135,1190), (1145,1045 to 1060,1130), (755,700 to 765,710), (870,770 to 870,775), (915,680 to 840,755),
(1125,1035 to 1210,1120), (915,625 to 915,770), (1035,760 to 940,855), (1100,725 to 1125,750), (1135,620 to 1135,745), (890,615 to 790,715), (890,645 to 920,675), (1035,745 to 1035,820), (835,715 to 825,725), (940,735 to 1030,825),
(1095,1070 to 1095,1165), (1150,1085 to 1075,1160), (1160,625 to 1175,640), (745,660 to 745,670), (880,660 to 820,720), (900,630 to 930,660), (1100,1045 to 1100,1170), (1150,1110 to 1095,1165), (970,800 to 1010,840), (1115,700 to
1115,750), (1115,1050 to 1055,1110), (1185,1125 to 1205,1145), (825,1115 to 825,1245), (880,1180 to 815,1245), (900,545 to 930,575), (1060,565 to 1060,800), (765,1070 to 735,1100), (1100,600 to 1195,695), (955,725 to 955,900), (985,875
to 955,905), (1035,590 to 1175,730), (1080,725 to 1080,780), (855,1160 to 775,1240), (880,1165 to 895,1180), (1135,600 to 1135,745), (1150,1190 to 1140,1200), (1090,615 to 1190,715), (1150,1165 to 1150,1200), (1045,1425 to 1030,1440),
(990,715 to 1070,795), (1045,1400 to 1045,1440), (1015,580 to 985,610), (1045,560 to 1195,710), (1070,1055 to 1070,1150), (850,715 to 830,735), (880,600 to 930,650), (890,570 to 890,770), (975,745 to 940,780), (1045,670 to 1125,750),
(1045,645 to 1045,815), (1085,1050 to 1060,1075), (1100,680 to 1155,735), (870,580 to 870,775), (1045,625 to 995,675), (1080,570 to 1190,680), (870,545 to 870,775), (845,635 to 770,710), (1025,565 to 1185,725), (1015,715 to 1015,830),
(1030,715 to 950,795), (1120,585 to 1175,640), (1015,700 to 1015,830), (935,720 to 885,770), (885,535 to 935,585), (905,580 to 905,770), (1030,700 to 945,785), (845,1085 to 855,1095), (960,1000 to 960,1030), (760,660 to 745,675),
(1035,1010 to 1045,1020), (835,560 to 835,745), (935,760 to 925,770), (1000,770 to 1045,815), (1080,680 to 1080,780), (780,645 to 745,680), (975,1035 to 985,1045), (850,590 to 850,765), (760,615 to 750,625), (770,590 to 1015,835),
(775,620 to 775,715), (815,600 to 745,670), (1000,620 to 1125,745), (1000,645 to 1000,685), (1020,675 to 1000,695), (1020,995 to 1045,1020), (815,570 to 815,720), (850,570 to 745,675), (1025,1420 to 1045,1440), (795,590 to 795,715),
(950,975 to 950,980), (985,645 to 1100,760), (970,725 to 970,905), (780,575 to 765,590), (795,565 to 920,690), (930,625 to 930,650), (945,1000 to 945,1005), (1075,655 to 1155,735), (815,555 to 815,720), (1025,605 to 980,650), (850,545
to 935,630), (750,635 to 750,700), (1010,565 to 990,585)